6
6
6
6
24
71
24
24
24
24
24
24
87
87
24
71
24
24
26
26
26
37
26
26
26
53
53
26
53
26
26
26
95
26
26
26
26
26
26
26
26
27
26
26
26
26
26
26
26
26
24
26
26
26
27
27
27
24
27
27
26
27
63
63
19
63
14
14
68
63
63
14
14
19
19
19
50
65
80
60
3
3
3
3
10
3
3
10
3
3
3
3
3
3
3
3
3
3
3
10
3
3
3
3
3
3
3
3
3
3
3
3
3
14
14
14
14
14
14
14
14
14
14
14
14
14
14
14
14
14
14
14
19
14
15
15
15
17
17
14
17
17
17
17
17
17
17
17
6
19
19
14
63
19
19
19
19
19
19
19
19
17
63
20
19
19
19
19
19
19
19
14
27
27
29
29
87
26
37
30
87
87
30
24
32
30
33
34
34
35
76
79
24
88
79
38
87
87
87
40
73
45
44
44
50
44
44
44
24
45
45
95
45
45
45
45
50
52
50
50
50
19
44
19
54
55
17
19
63
63
68
19
17
19
87
68
68
63
68
68
72
68
68
68
68
68
68
68
68
3
50
88
11
24
50
26
50
50
50
10
50
73
26
72
24
24
72
50
75
24
75
76
26
50
19
80
79
79
79
79
80
79
79
80
80
80
80
80
80
80
80
80
37
79
82
82
83
84
25
24
87
87
87
87
87
88
87
87
88
88
88
88
88
88
88
29
88
88
90
38
87
88
88
87
95
95
95
95
88
96
44
87
96
96
37
19
63
14
65
44
42
17
24
24
24
24
88
27
26
72
30
24
87
24
24
17
95
10
10
3
10
10
10
10
10
10
10
10
10
10
10
14
14
14
14
14
14
14
50
50
17
19
17
44
95
65
17
17
17
17
17
95
19
19
19
19
19
19
19
19
19
19
19
50
14
19
19
19
86
14
19
19
14
19
19
6
10
10
10
10
10
10
10
10
10
10
10
10
10
10
10
10
14
14
14
14
14
14
14
19
19
14
44
44
44
45
10
87
44
34
73
44
10
37
79
79
80
79
79
79
79
10
80
80
80
17
80
80
79
80
80
80
24
80
84
96
86
88
87
35
87
87
87
87
88
88
88
88
88
19
87
88
95
25
95
95
95
96
96
88
80
29
29
29
32
30
29
30
30
30
30
29
32
24
35
33
34
24
33
34
37
37
37
35
26
60
38
38
38
38
38
86
86
86
86
86
86
86
86
86
50
19
6
19
6
6
6
6
6
6
6
6
6
6
6
50
6
6
14
50
45
19
14
27
27
27
27
27
27
27
73
26
73
50
14
24
26
26
26
26
26
26
26
72
72
72
72
75
75
3
50
50
50
21
50
50
50
50
50
50
50
50
50
50
50
50
50
50
50
50
50
50
50
50
50
50
50
50
50
50
50
50
50
50
50
50
50
50
50
50
50
50
50
50
50
50
50
50
50
50
50
50
50
50
50
50
50
50
50
50
50
50
50
50
50
50
50
50
50
50
50
50
50
50
50
50
50
50
50
50
50
50
50
50
50
50
50
50
50
50
50
50
50
50
50
50
50
50
50
50
50
50
50
50
50
50
50
50
50
50
50
50
50
50
50
50
50
50
50
50
50
50
50
50
50
50
50
50
50
50
50
50
50
50
50
50
50
50
50
50
50
50
50
50
50
50
50
50
50
50
50
50
50
50
50
50
50
50
50
50
50
50
50
50
50
50
50
50
50
50
50
50
50
50
50
50
50
50
50
50
50
50
50
50
50
50
50
50
50
50
50
50
50
50
50
50
50
50
50
50
50
50
50
50
50
60
50
50
50
50
50
50
50
50
50
50
50
50
50
50
50
50
50
50
50
50
50
50
50
50
50
50
50
50
50
50
50
50
50
50
50
50
50
50
50
50
50
50
50
50
50
50
50
50
50
50
50
50
50
50
50
50
50
50
50
50
50
50
50
50
50
50
50
50
50
50
50
50
50
50
50
50
50
50
50
50
50
50
50
50
50
50
50
50
50
50
50
50
50
50
50
50
50
50
50
87
50
50
50
50
50
50
50
50
50
50
50
50
50
50
50
50
50
50
50
63
50
50
50
50
50
50
50
50
50
50
50
50
50
50
50
50
50
50
50
50
50
87
50
50
50
50
50
50
50
50
50
50
50
50
50
50
50
50
50
50
50
50
50
50
50
50
50
50
50
50
50
50
50
50
50
50
50
50
50
50
50
50
50
50
50
58
58
58
58
58
58
60
60
60
60
60
60
58
58
58
58
58
58
60
60
60
60
60
60
60
