0 1
0 66
0 69
0 12
0 48
0 22
0 56
0 61
1 9
1 2
1 4
2 3
4 8
4 5
4 6
4 7
9 10
9 11
12 16
12 18
12 13
13 14
13 15
16 17
18 19
18 20
18 21
22 36
22 39
22 43
22 23
22 28
22 31
23 24
23 25
23 26
23 27
28 29
28 30
31 32
31 33
31 34
31 35
36 37
36 38
39 40
39 41
39 42
43 44
43 45
43 46
43 47
48 49
48 51
49 50
51 52
51 53
51 54
51 55
56 57
56 59
57 58
59 60
61 64
61 62
62 63
64 65
66 67
67 68
69 70
69 78
69 81
69 85
69 89
69 94
70 71
70 72
70 73
70 74
70 75
70 76
70 77
78 80
78 79
81 82
81 83
81 84
85 88
85 86
85 87
89 90
89 91
89 92
89 93
94 96
94 95
